1 $ 1 1 $
1 1 2 1 $
2 1 2 1 1
2 2 2 1 2
2 3 2 1 3
2 4 2 1 4
2 5 2 1 5
2 6 2 1 6
2 7 2 1 7
2 8 2 1 8
2 9 2 1 9
2 0 2 1 0
2 q 2 1 q
2 w 2 1 w
2 e 2 1 e
2 r 2 1 r
2 t 2 1 t
2 y 2 1 y
2 u 2 1 u
2 i 2 1 i
2 o 2 1 o
2 p 2 1 p
2 [ 2 1 [
2 ] 2 1 ]
2 a 2 1 a
2 s 2 1 s
2 d 2 1 d
2 f 2 1 f
2 g 2 1 g
2 h 2 1 h
2 j 2 1 j
2 k 2 1 k
2 l 2 1 l
2 ; 2 1 ;
2 z 2 1 z
2 x 2 1 x
2 c 2 1 c
2 v 2 1 v
2 b 2 1 b
2 n 2 1 n
2 m 2 1 m
2 , 2 1 ,
2 . 2 1 .
2 / 2 1 /
2 $ 0 0 1
1 2 3 1 $
3 1 3 1 1
3 2 3 1 2
3 3 3 1 3
3 4 3 1 4
3 5 3 1 5
3 6 3 1 6
3 7 3 1 7
3 8 3 1 8
3 9 3 1 9
3 0 3 1 0
3 q 3 1 q
3 w 3 1 w
3 e 3 1 e
3 r 3 1 r
3 t 3 1 t
3 y 3 1 y
3 u 3 1 u
3 i 3 1 i
3 o 3 1 o
3 p 3 1 p
3 [ 3 1 [
3 ] 3 1 ]
3 a 3 1 a
3 s 3 1 s
3 d 3 1 d
3 f 3 1 f
3 g 3 1 g
3 h 3 1 h
3 j 3 1 j
3 k 3 1 k
3 l 3 1 l
3 ; 3 1 ;
3 z 3 1 z
3 x 3 1 x
3 c 3 1 c
3 v 3 1 v
3 b 3 1 b
3 n 3 1 n
3 m 3 1 m
3 , 3 1 ,
3 . 3 1 .
3 / 3 1 /
3 $ 0 0 2
1 3 4 1 $
4 1 4 1 1
4 2 4 1 2
4 3 4 1 3
4 4 4 1 4
4 5 4 1 5
4 6 4 1 6
4 7 4 1 7
4 8 4 1 8
4 9 4 1 9
4 0 4 1 0
4 q 4 1 q
4 w 4 1 w
4 e 4 1 e
4 r 4 1 r
4 t 4 1 t
4 y 4 1 y
4 u 4 1 u
4 i 4 1 i
4 o 4 1 o
4 p 4 1 p
4 [ 4 1 [
4 ] 4 1 ]
4 a 4 1 a
4 s 4 1 s
4 d 4 1 d
4 f 4 1 f
4 g 4 1 g
4 h 4 1 h
4 j 4 1 j
4 k 4 1 k
4 l 4 1 l
4 ; 4 1 ;
4 z 4 1 z
4 x 4 1 x
4 c 4 1 c
4 v 4 1 v
4 b 4 1 b
4 n 4 1 n
4 m 4 1 m
4 , 4 1 ,
4 . 4 1 .
4 / 4 1 /
4 $ 0 0 3
1 4 5 1 $
5 1 5 1 1
5 2 5 1 2
5 3 5 1 3
5 4 5 1 4
5 5 5 1 5
5 6 5 1 6
5 7 5 1 7
5 8 5 1 8
5 9 5 1 9
5 0 5 1 0
5 q 5 1 q
5 w 5 1 w
5 e 5 1 e
5 r 5 1 r
5 t 5 1 t
5 y 5 1 y
5 u 5 1 u
5 i 5 1 i
5 o 5 1 o
5 p 5 1 p
5 [ 5 1 [
5 ] 5 1 ]
5 a 5 1 a
5 s 5 1 s
5 d 5 1 d
5 f 5 1 f
5 g 5 1 g
5 h 5 1 h
5 j 5 1 j
5 k 5 1 k
5 l 5 1 l
5 ; 5 1 ;
5 z 5 1 z
5 x 5 1 x
5 c 5 1 c
5 v 5 1 v
5 b 5 1 b
5 n 5 1 n
5 m 5 1 m
5 , 5 1 ,
5 . 5 1 .
5 / 5 1 /
5 $ 0 0 4
1 5 6 1 $
6 1 6 1 1
6 2 6 1 2
6 3 6 1 3
6 4 6 1 4
6 5 6 1 5
6 6 6 1 6
6 7 6 1 7
6 8 6 1 8
6 9 6 1 9
6 0 6 1 0
6 q 6 1 q
6 w 6 1 w
6 e 6 1 e
6 r 6 1 r
6 t 6 1 t
6 y 6 1 y
6 u 6 1 u
6 i 6 1 i
6 o 6 1 o
6 p 6 1 p
6 [ 6 1 [
6 ] 6 1 ]
6 a 6 1 a
6 s 6 1 s
6 d 6 1 d
6 f 6 1 f
6 g 6 1 g
6 h 6 1 h
6 j 6 1 j
6 k 6 1 k
6 l 6 1 l
6 ; 6 1 ;
6 z 6 1 z
6 x 6 1 x
6 c 6 1 c
6 v 6 1 v
6 b 6 1 b
6 n 6 1 n
6 m 6 1 m
6 , 6 1 ,
6 . 6 1 .
6 / 6 1 /
6 $ 0 0 5
1 6 7 1 $
7 1 7 1 1
7 2 7 1 2
7 3 7 1 3
7 4 7 1 4
7 5 7 1 5
7 6 7 1 6
7 7 7 1 7
7 8 7 1 8
7 9 7 1 9
7 0 7 1 0
7 q 7 1 q
7 w 7 1 w
7 e 7 1 e
7 r 7 1 r
7 t 7 1 t
7 y 7 1 y
7 u 7 1 u
7 i 7 1 i
7 o 7 1 o
7 p 7 1 p
7 [ 7 1 [
7 ] 7 1 ]
7 a 7 1 a
7 s 7 1 s
7 d 7 1 d
7 f 7 1 f
7 g 7 1 g
7 h 7 1 h
7 j 7 1 j
7 k 7 1 k
7 l 7 1 l
7 ; 7 1 ;
7 z 7 1 z
7 x 7 1 x
7 c 7 1 c
7 v 7 1 v
7 b 7 1 b
7 n 7 1 n
7 m 7 1 m
7 , 7 1 ,
7 . 7 1 .
7 / 7 1 /
7 $ 0 0 6
1 7 8 1 $
8 1 8 1 1
8 2 8 1 2
8 3 8 1 3
8 4 8 1 4
8 5 8 1 5
8 6 8 1 6
8 7 8 1 7
8 8 8 1 8
8 9 8 1 9
8 0 8 1 0
8 q 8 1 q
8 w 8 1 w
8 e 8 1 e
8 r 8 1 r
8 t 8 1 t
8 y 8 1 y
8 u 8 1 u
8 i 8 1 i
8 o 8 1 o
8 p 8 1 p
8 [ 8 1 [
8 ] 8 1 ]
8 a 8 1 a
8 s 8 1 s
8 d 8 1 d
8 f 8 1 f
8 g 8 1 g
8 h 8 1 h
8 j 8 1 j
8 k 8 1 k
8 l 8 1 l
8 ; 8 1 ;
8 z 8 1 z
8 x 8 1 x
8 c 8 1 c
8 v 8 1 v
8 b 8 1 b
8 n 8 1 n
8 m 8 1 m
8 , 8 1 ,
8 . 8 1 .
8 / 8 1 /
8 $ 0 0 7
1 8 9 1 $
9 1 9 1 1
9 2 9 1 2
9 3 9 1 3
9 4 9 1 4
9 5 9 1 5
9 6 9 1 6
9 7 9 1 7
9 8 9 1 8
9 9 9 1 9
9 0 9 1 0
9 q 9 1 q
9 w 9 1 w
9 e 9 1 e
9 r 9 1 r
9 t 9 1 t
9 y 9 1 y
9 u 9 1 u
9 i 9 1 i
9 o 9 1 o
9 p 9 1 p
9 [ 9 1 [
9 ] 9 1 ]
9 a 9 1 a
9 s 9 1 s
9 d 9 1 d
9 f 9 1 f
9 g 9 1 g
9 h 9 1 h
9 j 9 1 j
9 k 9 1 k
9 l 9 1 l
9 ; 9 1 ;
9 z 9 1 z
9 x 9 1 x
9 c 9 1 c
9 v 9 1 v
9 b 9 1 b
9 n 9 1 n
9 m 9 1 m
9 , 9 1 ,
9 . 9 1 .
9 / 9 1 /
9 $ 0 0 8
1 9 10 1 $
10 1 10 1 1
10 2 10 1 2
10 3 10 1 3
10 4 10 1 4
10 5 10 1 5
10 6 10 1 6
10 7 10 1 7
10 8 10 1 8
10 9 10 1 9
10 0 10 1 0
10 q 10 1 q
10 w 10 1 w
10 e 10 1 e
10 r 10 1 r
10 t 10 1 t
10 y 10 1 y
10 u 10 1 u
10 i 10 1 i
10 o 10 1 o
10 p 10 1 p
10 [ 10 1 [
10 ] 10 1 ]
10 a 10 1 a
10 s 10 1 s
10 d 10 1 d
10 f 10 1 f
10 g 10 1 g
10 h 10 1 h
10 j 10 1 j
10 k 10 1 k
10 l 10 1 l
10 ; 10 1 ;
10 z 10 1 z
10 x 10 1 x
10 c 10 1 c
10 v 10 1 v
10 b 10 1 b
10 n 10 1 n
10 m 10 1 m
10 , 10 1 ,
10 . 10 1 .
10 / 10 1 /
10 $ 0 0 9
1 0 11 1 $
11 1 11 1 1
11 2 11 1 2
11 3 11 1 3
11 4 11 1 4
11 5 11 1 5
11 6 11 1 6
11 7 11 1 7
11 8 11 1 8
11 9 11 1 9
11 0 11 1 0
11 q 11 1 q
11 w 11 1 w
11 e 11 1 e
11 r 11 1 r
11 t 11 1 t
11 y 11 1 y
11 u 11 1 u
11 i 11 1 i
11 o 11 1 o
11 p 11 1 p
11 [ 11 1 [
11 ] 11 1 ]
11 a 11 1 a
11 s 11 1 s
11 d 11 1 d
11 f 11 1 f
11 g 11 1 g
11 h 11 1 h
11 j 11 1 j
11 k 11 1 k
11 l 11 1 l
11 ; 11 1 ;
11 z 11 1 z
11 x 11 1 x
11 c 11 1 c
11 v 11 1 v
11 b 11 1 b
11 n 11 1 n
11 m 11 1 m
11 , 11 1 ,
11 . 11 1 .
11 / 11 1 /
11 $ 0 0 0
1 q 12 1 $
12 1 12 1 1
12 2 12 1 2
12 3 12 1 3
12 4 12 1 4
12 5 12 1 5
12 6 12 1 6
12 7 12 1 7
12 8 12 1 8
12 9 12 1 9
12 0 12 1 0
12 q 12 1 q
12 w 12 1 w
12 e 12 1 e
12 r 12 1 r
12 t 12 1 t
12 y 12 1 y
12 u 12 1 u
12 i 12 1 i
12 o 12 1 o
12 p 12 1 p
12 [ 12 1 [
12 ] 12 1 ]
12 a 12 1 a
12 s 12 1 s
12 d 12 1 d
12 f 12 1 f
12 g 12 1 g
12 h 12 1 h
12 j 12 1 j
12 k 12 1 k
12 l 12 1 l
12 ; 12 1 ;
12 z 12 1 z
12 x 12 1 x
12 c 12 1 c
12 v 12 1 v
12 b 12 1 b
12 n 12 1 n
12 m 12 1 m
12 , 12 1 ,
12 . 12 1 .
12 / 12 1 /
12 $ 0 0 q
1 w 13 1 $
13 1 13 1 1
13 2 13 1 2
13 3 13 1 3
13 4 13 1 4
13 5 13 1 5
13 6 13 1 6
13 7 13 1 7
13 8 13 1 8
13 9 13 1 9
13 0 13 1 0
13 q 13 1 q
13 w 13 1 w
13 e 13 1 e
13 r 13 1 r
13 t 13 1 t
13 y 13 1 y
13 u 13 1 u
13 i 13 1 i
13 o 13 1 o
13 p 13 1 p
13 [ 13 1 [
13 ] 13 1 ]
13 a 13 1 a
13 s 13 1 s
13 d 13 1 d
13 f 13 1 f
13 g 13 1 g
13 h 13 1 h
13 j 13 1 j
13 k 13 1 k
13 l 13 1 l
13 ; 13 1 ;
13 z 13 1 z
13 x 13 1 x
13 c 13 1 c
13 v 13 1 v
13 b 13 1 b
13 n 13 1 n
13 m 13 1 m
13 , 13 1 ,
13 . 13 1 .
13 / 13 1 /
13 $ 0 0 w
1 e 14 1 $
14 1 14 1 1
14 2 14 1 2
14 3 14 1 3
14 4 14 1 4
14 5 14 1 5
14 6 14 1 6
14 7 14 1 7
14 8 14 1 8
14 9 14 1 9
14 0 14 1 0
14 q 14 1 q
14 w 14 1 w
14 e 14 1 e
14 r 14 1 r
14 t 14 1 t
14 y 14 1 y
14 u 14 1 u
14 i 14 1 i
14 o 14 1 o
14 p 14 1 p
14 [ 14 1 [
14 ] 14 1 ]
14 a 14 1 a
14 s 14 1 s
14 d 14 1 d
14 f 14 1 f
14 g 14 1 g
14 h 14 1 h
14 j 14 1 j
14 k 14 1 k
14 l 14 1 l
14 ; 14 1 ;
14 z 14 1 z
14 x 14 1 x
14 c 14 1 c
14 v 14 1 v
14 b 14 1 b
14 n 14 1 n
14 m 14 1 m
14 , 14 1 ,
14 . 14 1 .
14 / 14 1 /
14 $ 0 0 e
1 r 15 1 $
15 1 15 1 1
15 2 15 1 2
15 3 15 1 3
15 4 15 1 4
15 5 15 1 5
15 6 15 1 6
15 7 15 1 7
15 8 15 1 8
15 9 15 1 9
15 0 15 1 0
15 q 15 1 q
15 w 15 1 w
15 e 15 1 e
15 r 15 1 r
15 t 15 1 t
15 y 15 1 y
15 u 15 1 u
15 i 15 1 i
15 o 15 1 o
15 p 15 1 p
15 [ 15 1 [
15 ] 15 1 ]
15 a 15 1 a
15 s 15 1 s
15 d 15 1 d
15 f 15 1 f
15 g 15 1 g
15 h 15 1 h
15 j 15 1 j
15 k 15 1 k
15 l 15 1 l
15 ; 15 1 ;
15 z 15 1 z
15 x 15 1 x
15 c 15 1 c
15 v 15 1 v
15 b 15 1 b
15 n 15 1 n
15 m 15 1 m
15 , 15 1 ,
15 . 15 1 .
15 / 15 1 /
15 $ 0 0 r
1 t 16 1 $
16 1 16 1 1
16 2 16 1 2
16 3 16 1 3
16 4 16 1 4
16 5 16 1 5
16 6 16 1 6
16 7 16 1 7
16 8 16 1 8
16 9 16 1 9
16 0 16 1 0
16 q 16 1 q
16 w 16 1 w
16 e 16 1 e
16 r 16 1 r
16 t 16 1 t
16 y 16 1 y
16 u 16 1 u
16 i 16 1 i
16 o 16 1 o
16 p 16 1 p
16 [ 16 1 [
16 ] 16 1 ]
16 a 16 1 a
16 s 16 1 s
16 d 16 1 d
16 f 16 1 f
16 g 16 1 g
16 h 16 1 h
16 j 16 1 j
16 k 16 1 k
16 l 16 1 l
16 ; 16 1 ;
16 z 16 1 z
16 x 16 1 x
16 c 16 1 c
16 v 16 1 v
16 b 16 1 b
16 n 16 1 n
16 m 16 1 m
16 , 16 1 ,
16 . 16 1 .
16 / 16 1 /
16 $ 0 0 t
1 y 17 1 $
17 1 17 1 1
17 2 17 1 2
17 3 17 1 3
17 4 17 1 4
17 5 17 1 5
17 6 17 1 6
17 7 17 1 7
17 8 17 1 8
17 9 17 1 9
17 0 17 1 0
17 q 17 1 q
17 w 17 1 w
17 e 17 1 e
17 r 17 1 r
17 t 17 1 t
17 y 17 1 y
17 u 17 1 u
17 i 17 1 i
17 o 17 1 o
17 p 17 1 p
17 [ 17 1 [
17 ] 17 1 ]
17 a 17 1 a
17 s 17 1 s
17 d 17 1 d
17 f 17 1 f
17 g 17 1 g
17 h 17 1 h
17 j 17 1 j
17 k 17 1 k
17 l 17 1 l
17 ; 17 1 ;
17 z 17 1 z
17 x 17 1 x
17 c 17 1 c
17 v 17 1 v
17 b 17 1 b
17 n 17 1 n
17 m 17 1 m
17 , 17 1 ,
17 . 17 1 .
17 / 17 1 /
17 $ 0 0 y
1 u 18 1 $
18 1 18 1 1
18 2 18 1 2
18 3 18 1 3
18 4 18 1 4
18 5 18 1 5
18 6 18 1 6
18 7 18 1 7
18 8 18 1 8
18 9 18 1 9
18 0 18 1 0
18 q 18 1 q
18 w 18 1 w
18 e 18 1 e
18 r 18 1 r
18 t 18 1 t
18 y 18 1 y
18 u 18 1 u
18 i 18 1 i
18 o 18 1 o
18 p 18 1 p
18 [ 18 1 [
18 ] 18 1 ]
18 a 18 1 a
18 s 18 1 s
18 d 18 1 d
18 f 18 1 f
18 g 18 1 g
18 h 18 1 h
18 j 18 1 j
18 k 18 1 k
18 l 18 1 l
18 ; 18 1 ;
18 z 18 1 z
18 x 18 1 x
18 c 18 1 c
18 v 18 1 v
18 b 18 1 b
18 n 18 1 n
18 m 18 1 m
18 , 18 1 ,
18 . 18 1 .
18 / 18 1 /
18 $ 0 0 u
1 i 19 1 $
19 1 19 1 1
19 2 19 1 2
19 3 19 1 3
19 4 19 1 4
19 5 19 1 5
19 6 19 1 6
19 7 19 1 7
19 8 19 1 8
19 9 19 1 9
19 0 19 1 0
19 q 19 1 q
19 w 19 1 w
19 e 19 1 e
19 r 19 1 r
19 t 19 1 t
19 y 19 1 y
19 u 19 1 u
19 i 19 1 i
19 o 19 1 o
19 p 19 1 p
19 [ 19 1 [
19 ] 19 1 ]
19 a 19 1 a
19 s 19 1 s
19 d 19 1 d
19 f 19 1 f
19 g 19 1 g
19 h 19 1 h
19 j 19 1 j
19 k 19 1 k
19 l 19 1 l
19 ; 19 1 ;
19 z 19 1 z
19 x 19 1 x
19 c 19 1 c
19 v 19 1 v
19 b 19 1 b
19 n 19 1 n
19 m 19 1 m
19 , 19 1 ,
19 . 19 1 .
19 / 19 1 /
19 $ 0 0 i
1 o 20 1 $
20 1 20 1 1
20 2 20 1 2
20 3 20 1 3
20 4 20 1 4
20 5 20 1 5
20 6 20 1 6
20 7 20 1 7
20 8 20 1 8
20 9 20 1 9
20 0 20 1 0
20 q 20 1 q
20 w 20 1 w
20 e 20 1 e
20 r 20 1 r
20 t 20 1 t
20 y 20 1 y
20 u 20 1 u
20 i 20 1 i
20 o 20 1 o
20 p 20 1 p
20 [ 20 1 [
20 ] 20 1 ]
20 a 20 1 a
20 s 20 1 s
20 d 20 1 d
20 f 20 1 f
20 g 20 1 g
20 h 20 1 h
20 j 20 1 j
20 k 20 1 k
20 l 20 1 l
20 ; 20 1 ;
20 z 20 1 z
20 x 20 1 x
20 c 20 1 c
20 v 20 1 v
20 b 20 1 b
20 n 20 1 n
20 m 20 1 m
20 , 20 1 ,
20 . 20 1 .
20 / 20 1 /
20 $ 0 0 o
1 p 21 1 $
21 1 21 1 1
21 2 21 1 2
21 3 21 1 3
21 4 21 1 4
21 5 21 1 5
21 6 21 1 6
21 7 21 1 7
21 8 21 1 8
21 9 21 1 9
21 0 21 1 0
21 q 21 1 q
21 w 21 1 w
21 e 21 1 e
21 r 21 1 r
21 t 21 1 t
21 y 21 1 y
21 u 21 1 u
21 i 21 1 i
21 o 21 1 o
21 p 21 1 p
21 [ 21 1 [
21 ] 21 1 ]
21 a 21 1 a
21 s 21 1 s
21 d 21 1 d
21 f 21 1 f
21 g 21 1 g
21 h 21 1 h
21 j 21 1 j
21 k 21 1 k
21 l 21 1 l
21 ; 21 1 ;
21 z 21 1 z
21 x 21 1 x
21 c 21 1 c
21 v 21 1 v
21 b 21 1 b
21 n 21 1 n
21 m 21 1 m
21 , 21 1 ,
21 . 21 1 .
21 / 21 1 /
21 $ 0 0 p
1 [ 22 1 $
22 1 22 1 1
22 2 22 1 2
22 3 22 1 3
22 4 22 1 4
22 5 22 1 5
22 6 22 1 6
22 7 22 1 7
22 8 22 1 8
22 9 22 1 9
22 0 22 1 0
22 q 22 1 q
22 w 22 1 w
22 e 22 1 e
22 r 22 1 r
22 t 22 1 t
22 y 22 1 y
22 u 22 1 u
22 i 22 1 i
22 o 22 1 o
22 p 22 1 p
22 [ 22 1 [
22 ] 22 1 ]
22 a 22 1 a
22 s 22 1 s
22 d 22 1 d
22 f 22 1 f
22 g 22 1 g
22 h 22 1 h
22 j 22 1 j
22 k 22 1 k
22 l 22 1 l
22 ; 22 1 ;
22 z 22 1 z
22 x 22 1 x
22 c 22 1 c
22 v 22 1 v
22 b 22 1 b
22 n 22 1 n
22 m 22 1 m
22 , 22 1 ,
22 . 22 1 .
22 / 22 1 /
22 $ 0 0 [
1 ] 23 1 $
23 1 23 1 1
23 2 23 1 2
23 3 23 1 3
23 4 23 1 4
23 5 23 1 5
23 6 23 1 6
23 7 23 1 7
23 8 23 1 8
23 9 23 1 9
23 0 23 1 0
23 q 23 1 q
23 w 23 1 w
23 e 23 1 e
23 r 23 1 r
23 t 23 1 t
23 y 23 1 y
23 u 23 1 u
23 i 23 1 i
23 o 23 1 o
23 p 23 1 p
23 [ 23 1 [
23 ] 23 1 ]
23 a 23 1 a
23 s 23 1 s
23 d 23 1 d
23 f 23 1 f
23 g 23 1 g
23 h 23 1 h
23 j 23 1 j
23 k 23 1 k
23 l 23 1 l
23 ; 23 1 ;
23 z 23 1 z
23 x 23 1 x
23 c 23 1 c
23 v 23 1 v
23 b 23 1 b
23 n 23 1 n
23 m 23 1 m
23 , 23 1 ,
23 . 23 1 .
23 / 23 1 /
23 $ 0 0 ]
1 a 24 1 $
24 1 24 1 1
24 2 24 1 2
24 3 24 1 3
24 4 24 1 4
24 5 24 1 5
24 6 24 1 6
24 7 24 1 7
24 8 24 1 8
24 9 24 1 9
24 0 24 1 0
24 q 24 1 q
24 w 24 1 w
24 e 24 1 e
24 r 24 1 r
24 t 24 1 t
24 y 24 1 y
24 u 24 1 u
24 i 24 1 i
24 o 24 1 o
24 p 24 1 p
24 [ 24 1 [
24 ] 24 1 ]
24 a 24 1 a
24 s 24 1 s
24 d 24 1 d
24 f 24 1 f
24 g 24 1 g
24 h 24 1 h
24 j 24 1 j
24 k 24 1 k
24 l 24 1 l
24 ; 24 1 ;
24 z 24 1 z
24 x 24 1 x
24 c 24 1 c
24 v 24 1 v
24 b 24 1 b
24 n 24 1 n
24 m 24 1 m
24 , 24 1 ,
24 . 24 1 .
24 / 24 1 /
24 $ 0 0 a
1 s 25 1 $
25 1 25 1 1
25 2 25 1 2
25 3 25 1 3
25 4 25 1 4
25 5 25 1 5
25 6 25 1 6
25 7 25 1 7
25 8 25 1 8
25 9 25 1 9
25 0 25 1 0
25 q 25 1 q
25 w 25 1 w
25 e 25 1 e
25 r 25 1 r
25 t 25 1 t
25 y 25 1 y
25 u 25 1 u
25 i 25 1 i
25 o 25 1 o
25 p 25 1 p
25 [ 25 1 [
25 ] 25 1 ]
25 a 25 1 a
25 s 25 1 s
25 d 25 1 d
25 f 25 1 f
25 g 25 1 g
25 h 25 1 h
25 j 25 1 j
25 k 25 1 k
25 l 25 1 l
25 ; 25 1 ;
25 z 25 1 z
25 x 25 1 x
25 c 25 1 c
25 v 25 1 v
25 b 25 1 b
25 n 25 1 n
25 m 25 1 m
25 , 25 1 ,
25 . 25 1 .
25 / 25 1 /
25 $ 0 0 s
1 d 26 1 $
26 1 26 1 1
26 2 26 1 2
26 3 26 1 3
26 4 26 1 4
26 5 26 1 5
26 6 26 1 6
26 7 26 1 7
26 8 26 1 8
26 9 26 1 9
26 0 26 1 0
26 q 26 1 q
26 w 26 1 w
26 e 26 1 e
26 r 26 1 r
26 t 26 1 t
26 y 26 1 y
26 u 26 1 u
26 i 26 1 i
26 o 26 1 o
26 p 26 1 p
26 [ 26 1 [
26 ] 26 1 ]
26 a 26 1 a
26 s 26 1 s
26 d 26 1 d
26 f 26 1 f
26 g 26 1 g
26 h 26 1 h
26 j 26 1 j
26 k 26 1 k
26 l 26 1 l
26 ; 26 1 ;
26 z 26 1 z
26 x 26 1 x
26 c 26 1 c
26 v 26 1 v
26 b 26 1 b
26 n 26 1 n
26 m 26 1 m
26 , 26 1 ,
26 . 26 1 .
26 / 26 1 /
26 $ 0 0 d
1 f 27 1 $
27 1 27 1 1
27 2 27 1 2
27 3 27 1 3
27 4 27 1 4
27 5 27 1 5
27 6 27 1 6
27 7 27 1 7
27 8 27 1 8
27 9 27 1 9
27 0 27 1 0
27 q 27 1 q
27 w 27 1 w
27 e 27 1 e
27 r 27 1 r
27 t 27 1 t
27 y 27 1 y
27 u 27 1 u
27 i 27 1 i
27 o 27 1 o
27 p 27 1 p
27 [ 27 1 [
27 ] 27 1 ]
27 a 27 1 a
27 s 27 1 s
27 d 27 1 d
27 f 27 1 f
27 g 27 1 g
27 h 27 1 h
27 j 27 1 j
27 k 27 1 k
27 l 27 1 l
27 ; 27 1 ;
27 z 27 1 z
27 x 27 1 x
27 c 27 1 c
27 v 27 1 v
27 b 27 1 b
27 n 27 1 n
27 m 27 1 m
27 , 27 1 ,
27 . 27 1 .
27 / 27 1 /
27 $ 0 0 f
1 g 28 1 $
28 1 28 1 1
28 2 28 1 2
28 3 28 1 3
28 4 28 1 4
28 5 28 1 5
28 6 28 1 6
28 7 28 1 7
28 8 28 1 8
28 9 28 1 9
28 0 28 1 0
28 q 28 1 q
28 w 28 1 w
28 e 28 1 e
28 r 28 1 r
28 t 28 1 t
28 y 28 1 y
28 u 28 1 u
28 i 28 1 i
28 o 28 1 o
28 p 28 1 p
28 [ 28 1 [
28 ] 28 1 ]
28 a 28 1 a
28 s 28 1 s
28 d 28 1 d
28 f 28 1 f
28 g 28 1 g
28 h 28 1 h
28 j 28 1 j
28 k 28 1 k
28 l 28 1 l
28 ; 28 1 ;
28 z 28 1 z
28 x 28 1 x
28 c 28 1 c
28 v 28 1 v
28 b 28 1 b
28 n 28 1 n
28 m 28 1 m
28 , 28 1 ,
28 . 28 1 .
28 / 28 1 /
28 $ 0 0 g
1 h 29 1 $
29 1 29 1 1
29 2 29 1 2
29 3 29 1 3
29 4 29 1 4
29 5 29 1 5
29 6 29 1 6
29 7 29 1 7
29 8 29 1 8
29 9 29 1 9
29 0 29 1 0
29 q 29 1 q
29 w 29 1 w
29 e 29 1 e
29 r 29 1 r
29 t 29 1 t
29 y 29 1 y
29 u 29 1 u
29 i 29 1 i
29 o 29 1 o
29 p 29 1 p
29 [ 29 1 [
29 ] 29 1 ]
29 a 29 1 a
29 s 29 1 s
29 d 29 1 d
29 f 29 1 f
29 g 29 1 g
29 h 29 1 h
29 j 29 1 j
29 k 29 1 k
29 l 29 1 l
29 ; 29 1 ;
29 z 29 1 z
29 x 29 1 x
29 c 29 1 c
29 v 29 1 v
29 b 29 1 b
29 n 29 1 n
29 m 29 1 m
29 , 29 1 ,
29 . 29 1 .
29 / 29 1 /
29 $ 0 0 h
1 j 30 1 $
30 1 30 1 1
30 2 30 1 2
30 3 30 1 3
30 4 30 1 4
30 5 30 1 5
30 6 30 1 6
30 7 30 1 7
30 8 30 1 8
30 9 30 1 9
30 0 30 1 0
30 q 30 1 q
30 w 30 1 w
30 e 30 1 e
30 r 30 1 r
30 t 30 1 t
30 y 30 1 y
30 u 30 1 u
30 i 30 1 i
30 o 30 1 o
30 p 30 1 p
30 [ 30 1 [
30 ] 30 1 ]
30 a 30 1 a
30 s 30 1 s
30 d 30 1 d
30 f 30 1 f
30 g 30 1 g
30 h 30 1 h
30 j 30 1 j
30 k 30 1 k
30 l 30 1 l
30 ; 30 1 ;
30 z 30 1 z
30 x 30 1 x
30 c 30 1 c
30 v 30 1 v
30 b 30 1 b
30 n 30 1 n
30 m 30 1 m
30 , 30 1 ,
30 . 30 1 .
30 / 30 1 /
30 $ 0 0 j
1 k 31 1 $
31 1 31 1 1
31 2 31 1 2
31 3 31 1 3
31 4 31 1 4
31 5 31 1 5
31 6 31 1 6
31 7 31 1 7
31 8 31 1 8
31 9 31 1 9
31 0 31 1 0
31 q 31 1 q
31 w 31 1 w
31 e 31 1 e
31 r 31 1 r
31 t 31 1 t
31 y 31 1 y
31 u 31 1 u
31 i 31 1 i
31 o 31 1 o
31 p 31 1 p
31 [ 31 1 [
31 ] 31 1 ]
31 a 31 1 a
31 s 31 1 s
31 d 31 1 d
31 f 31 1 f
31 g 31 1 g
31 h 31 1 h
31 j 31 1 j
31 k 31 1 k
31 l 31 1 l
31 ; 31 1 ;
31 z 31 1 z
31 x 31 1 x
31 c 31 1 c
31 v 31 1 v
31 b 31 1 b
31 n 31 1 n
31 m 31 1 m
31 , 31 1 ,
31 . 31 1 .
31 / 31 1 /
31 $ 0 0 k
1 l 32 1 $
32 1 32 1 1
32 2 32 1 2
32 3 32 1 3
32 4 32 1 4
32 5 32 1 5
32 6 32 1 6
32 7 32 1 7
32 8 32 1 8
32 9 32 1 9
32 0 32 1 0
32 q 32 1 q
32 w 32 1 w
32 e 32 1 e
32 r 32 1 r
32 t 32 1 t
32 y 32 1 y
32 u 32 1 u
32 i 32 1 i
32 o 32 1 o
32 p 32 1 p
32 [ 32 1 [
32 ] 32 1 ]
32 a 32 1 a
32 s 32 1 s
32 d 32 1 d
32 f 32 1 f
32 g 32 1 g
32 h 32 1 h
32 j 32 1 j
32 k 32 1 k
32 l 32 1 l
32 ; 32 1 ;
32 z 32 1 z
32 x 32 1 x
32 c 32 1 c
32 v 32 1 v
32 b 32 1 b
32 n 32 1 n
32 m 32 1 m
32 , 32 1 ,
32 . 32 1 .
32 / 32 1 /
32 $ 0 0 l
1 ; 33 1 $
33 1 33 1 1
33 2 33 1 2
33 3 33 1 3
33 4 33 1 4
33 5 33 1 5
33 6 33 1 6
33 7 33 1 7
33 8 33 1 8
33 9 33 1 9
33 0 33 1 0
33 q 33 1 q
33 w 33 1 w
33 e 33 1 e
33 r 33 1 r
33 t 33 1 t
33 y 33 1 y
33 u 33 1 u
33 i 33 1 i
33 o 33 1 o
33 p 33 1 p
33 [ 33 1 [
33 ] 33 1 ]
33 a 33 1 a
33 s 33 1 s
33 d 33 1 d
33 f 33 1 f
33 g 33 1 g
33 h 33 1 h
33 j 33 1 j
33 k 33 1 k
33 l 33 1 l
33 ; 33 1 ;
33 z 33 1 z
33 x 33 1 x
33 c 33 1 c
33 v 33 1 v
33 b 33 1 b
33 n 33 1 n
33 m 33 1 m
33 , 33 1 ,
33 . 33 1 .
33 / 33 1 /
33 $ 0 0 ;
1 z 34 1 $
34 1 34 1 1
34 2 34 1 2
34 3 34 1 3
34 4 34 1 4
34 5 34 1 5
34 6 34 1 6
34 7 34 1 7
34 8 34 1 8
34 9 34 1 9
34 0 34 1 0
34 q 34 1 q
34 w 34 1 w
34 e 34 1 e
34 r 34 1 r
34 t 34 1 t
34 y 34 1 y
34 u 34 1 u
34 i 34 1 i
34 o 34 1 o
34 p 34 1 p
34 [ 34 1 [
34 ] 34 1 ]
34 a 34 1 a
34 s 34 1 s
34 d 34 1 d
34 f 34 1 f
34 g 34 1 g
34 h 34 1 h
34 j 34 1 j
34 k 34 1 k
34 l 34 1 l
34 ; 34 1 ;
34 z 34 1 z
34 x 34 1 x
34 c 34 1 c
34 v 34 1 v
34 b 34 1 b
34 n 34 1 n
34 m 34 1 m
34 , 34 1 ,
34 . 34 1 .
34 / 34 1 /
34 $ 0 0 z
1 x 35 1 $
35 1 35 1 1
35 2 35 1 2
35 3 35 1 3
35 4 35 1 4
35 5 35 1 5
35 6 35 1 6
35 7 35 1 7
35 8 35 1 8
35 9 35 1 9
35 0 35 1 0
35 q 35 1 q
35 w 35 1 w
35 e 35 1 e
35 r 35 1 r
35 t 35 1 t
35 y 35 1 y
35 u 35 1 u
35 i 35 1 i
35 o 35 1 o
35 p 35 1 p
35 [ 35 1 [
35 ] 35 1 ]
35 a 35 1 a
35 s 35 1 s
35 d 35 1 d
35 f 35 1 f
35 g 35 1 g
35 h 35 1 h
35 j 35 1 j
35 k 35 1 k
35 l 35 1 l
35 ; 35 1 ;
35 z 35 1 z
35 x 35 1 x
35 c 35 1 c
35 v 35 1 v
35 b 35 1 b
35 n 35 1 n
35 m 35 1 m
35 , 35 1 ,
35 . 35 1 .
35 / 35 1 /
35 $ 0 0 x
1 c 36 1 $
36 1 36 1 1
36 2 36 1 2
36 3 36 1 3
36 4 36 1 4
36 5 36 1 5
36 6 36 1 6
36 7 36 1 7
36 8 36 1 8
36 9 36 1 9
36 0 36 1 0
36 q 36 1 q
36 w 36 1 w
36 e 36 1 e
36 r 36 1 r
36 t 36 1 t
36 y 36 1 y
36 u 36 1 u
36 i 36 1 i
36 o 36 1 o
36 p 36 1 p
36 [ 36 1 [
36 ] 36 1 ]
36 a 36 1 a
36 s 36 1 s
36 d 36 1 d
36 f 36 1 f
36 g 36 1 g
36 h 36 1 h
36 j 36 1 j
36 k 36 1 k
36 l 36 1 l
36 ; 36 1 ;
36 z 36 1 z
36 x 36 1 x
36 c 36 1 c
36 v 36 1 v
36 b 36 1 b
36 n 36 1 n
36 m 36 1 m
36 , 36 1 ,
36 . 36 1 .
36 / 36 1 /
36 $ 0 0 c
1 v 37 1 $
37 1 37 1 1
37 2 37 1 2
37 3 37 1 3
37 4 37 1 4
37 5 37 1 5
37 6 37 1 6
37 7 37 1 7
37 8 37 1 8
37 9 37 1 9
37 0 37 1 0
37 q 37 1 q
37 w 37 1 w
37 e 37 1 e
37 r 37 1 r
37 t 37 1 t
37 y 37 1 y
37 u 37 1 u
37 i 37 1 i
37 o 37 1 o
37 p 37 1 p
37 [ 37 1 [
37 ] 37 1 ]
37 a 37 1 a
37 s 37 1 s
37 d 37 1 d
37 f 37 1 f
37 g 37 1 g
37 h 37 1 h
37 j 37 1 j
37 k 37 1 k
37 l 37 1 l
37 ; 37 1 ;
37 z 37 1 z
37 x 37 1 x
37 c 37 1 c
37 v 37 1 v
37 b 37 1 b
37 n 37 1 n
37 m 37 1 m
37 , 37 1 ,
37 . 37 1 .
37 / 37 1 /
37 $ 0 0 v
1 b 38 1 $
38 1 38 1 1
38 2 38 1 2
38 3 38 1 3
38 4 38 1 4
38 5 38 1 5
38 6 38 1 6
38 7 38 1 7
38 8 38 1 8
38 9 38 1 9
38 0 38 1 0
38 q 38 1 q
38 w 38 1 w
38 e 38 1 e
38 r 38 1 r
38 t 38 1 t
38 y 38 1 y
38 u 38 1 u
38 i 38 1 i
38 o 38 1 o
38 p 38 1 p
38 [ 38 1 [
38 ] 38 1 ]
38 a 38 1 a
38 s 38 1 s
38 d 38 1 d
38 f 38 1 f
38 g 38 1 g
38 h 38 1 h
38 j 38 1 j
38 k 38 1 k
38 l 38 1 l
38 ; 38 1 ;
38 z 38 1 z
38 x 38 1 x
38 c 38 1 c
38 v 38 1 v
38 b 38 1 b
38 n 38 1 n
38 m 38 1 m
38 , 38 1 ,
38 . 38 1 .
38 / 38 1 /
38 $ 0 0 b
1 n 39 1 $
39 1 39 1 1
39 2 39 1 2
39 3 39 1 3
39 4 39 1 4
39 5 39 1 5
39 6 39 1 6
39 7 39 1 7
39 8 39 1 8
39 9 39 1 9
39 0 39 1 0
39 q 39 1 q
39 w 39 1 w
39 e 39 1 e
39 r 39 1 r
39 t 39 1 t
39 y 39 1 y
39 u 39 1 u
39 i 39 1 i
39 o 39 1 o
39 p 39 1 p
39 [ 39 1 [
39 ] 39 1 ]
39 a 39 1 a
39 s 39 1 s
39 d 39 1 d
39 f 39 1 f
39 g 39 1 g
39 h 39 1 h
39 j 39 1 j
39 k 39 1 k
39 l 39 1 l
39 ; 39 1 ;
39 z 39 1 z
39 x 39 1 x
39 c 39 1 c
39 v 39 1 v
39 b 39 1 b
39 n 39 1 n
39 m 39 1 m
39 , 39 1 ,
39 . 39 1 .
39 / 39 1 /
39 $ 0 0 n
1 m 40 1 $
40 1 40 1 1
40 2 40 1 2
40 3 40 1 3
40 4 40 1 4
40 5 40 1 5
40 6 40 1 6
40 7 40 1 7
40 8 40 1 8
40 9 40 1 9
40 0 40 1 0
40 q 40 1 q
40 w 40 1 w
40 e 40 1 e
40 r 40 1 r
40 t 40 1 t
40 y 40 1 y
40 u 40 1 u
40 i 40 1 i
40 o 40 1 o
40 p 40 1 p
40 [ 40 1 [
40 ] 40 1 ]
40 a 40 1 a
40 s 40 1 s
40 d 40 1 d
40 f 40 1 f
40 g 40 1 g
40 h 40 1 h
40 j 40 1 j
40 k 40 1 k
40 l 40 1 l
40 ; 40 1 ;
40 z 40 1 z
40 x 40 1 x
40 c 40 1 c
40 v 40 1 v
40 b 40 1 b
40 n 40 1 n
40 m 40 1 m
40 , 40 1 ,
40 . 40 1 .
40 / 40 1 /
40 $ 0 0 m
1 , 41 1 $
41 1 41 1 1
41 2 41 1 2
41 3 41 1 3
41 4 41 1 4
41 5 41 1 5
41 6 41 1 6
41 7 41 1 7
41 8 41 1 8
41 9 41 1 9
41 0 41 1 0
41 q 41 1 q
41 w 41 1 w
41 e 41 1 e
41 r 41 1 r
41 t 41 1 t
41 y 41 1 y
41 u 41 1 u
41 i 41 1 i
41 o 41 1 o
41 p 41 1 p
41 [ 41 1 [
41 ] 41 1 ]
41 a 41 1 a
41 s 41 1 s
41 d 41 1 d
41 f 41 1 f
41 g 41 1 g
41 h 41 1 h
41 j 41 1 j
41 k 41 1 k
41 l 41 1 l
41 ; 41 1 ;
41 z 41 1 z
41 x 41 1 x
41 c 41 1 c
41 v 41 1 v
41 b 41 1 b
41 n 41 1 n
41 m 41 1 m
41 , 41 1 ,
41 . 41 1 .
41 / 41 1 /
41 $ 0 0 ,
1 . 42 1 $
42 1 42 1 1
42 2 42 1 2
42 3 42 1 3
42 4 42 1 4
42 5 42 1 5
42 6 42 1 6
42 7 42 1 7
42 8 42 1 8
42 9 42 1 9
42 0 42 1 0
42 q 42 1 q
42 w 42 1 w
42 e 42 1 e
42 r 42 1 r
42 t 42 1 t
42 y 42 1 y
42 u 42 1 u
42 i 42 1 i
42 o 42 1 o
42 p 42 1 p
42 [ 42 1 [
42 ] 42 1 ]
42 a 42 1 a
42 s 42 1 s
42 d 42 1 d
42 f 42 1 f
42 g 42 1 g
42 h 42 1 h
42 j 42 1 j
42 k 42 1 k
42 l 42 1 l
42 ; 42 1 ;
42 z 42 1 z
42 x 42 1 x
42 c 42 1 c
42 v 42 1 v
42 b 42 1 b
42 n 42 1 n
42 m 42 1 m
42 , 42 1 ,
42 . 42 1 .
42 / 42 1 /
42 $ 0 0 .
1 / 43 1 $
43 1 43 1 1
43 2 43 1 2
43 3 43 1 3
43 4 43 1 4
43 5 43 1 5
43 6 43 1 6
43 7 43 1 7
43 8 43 1 8
43 9 43 1 9
43 0 43 1 0
43 q 43 1 q
43 w 43 1 w
43 e 43 1 e
43 r 43 1 r
43 t 43 1 t
43 y 43 1 y
43 u 43 1 u
43 i 43 1 i
43 o 43 1 o
43 p 43 1 p
43 [ 43 1 [
43 ] 43 1 ]
43 a 43 1 a
43 s 43 1 s
43 d 43 1 d
43 f 43 1 f
43 g 43 1 g
43 h 43 1 h
43 j 43 1 j
43 k 43 1 k
43 l 43 1 l
43 ; 43 1 ;
43 z 43 1 z
43 x 43 1 x
43 c 43 1 c
43 v 43 1 v
43 b 43 1 b
43 n 43 1 n
43 m 43 1 m
43 , 43 1 ,
43 . 43 1 .
43 / 43 1 /
43 $ 0 0 /
